/////////////
//
// COAST FILE
//
/////////////
//
// Coast line South AFrica
// For coupling with ROMS grid (Penven 2001)
// (28.2°-37.5°S, 16-24.4°E) with step of 0.15°
//
/* 
 * 17.1. Number of lines
 * Assertion: ${17.1} == ${3.1}
 */
;40;
/*
 * 17.2. Number of columns
 * Assertion: ${17.2} == ${3.2}
 */
;80;
/*
 * 17.3. Number of cells occupied by coast
 */
;1524;
/*
 * 17.4. coordinates i of coast cells
 */
;0;;0;;0;;0;;0;;0;;0;;0;;0;;0;;0;;0;;0;;0;;0;;0;;0;;0;;0;;0;;0;;0;;0;;0;;0;;0;;0;;0;;0;;0;;0;;0;;0;;0;;0;;0;;0;;0;;0;;0;;0;;0;;0;;0;;0;;0;;0;;0;
;0;;0;;0;;0;;0;;0;;0;;0;;0;;0;;0;;0;;0;;0;;1;;1;;1;;1;;1;;1;;1;;1;;1;;1;;1;;1;;1;;1;;1;;1;;1;;1;;1;;1;;1;;1;;1;;1;;1;;1;;1;;1;;1;;1;;1;;1;;1;;1;
;1;;1;;1;;1;;1;;1;;1;;1;;1;;1;;1;;1;;1;;1;;1;;1;;1;;1;;1;;1;;1;;1;;1;;1;;1;;1;;1;;1;;1;;2;;2;;2;;2;;2;;2;;2;;2;;2;;2;;2;;2;;2;;2;;2;;2;;2;;2;;2;
;2;;2;;2;;2;;2;;2;;2;;2;;2;;2;;2;;2;;2;;2;;2;;2;;2;;2;;2;;2;;2;;2;;2;;2;;2;;2;;2;;2;;2;;2;;2;;2;;2;;2;;2;;2;;2;;2;;2;;2;;2;;2;;3;;3;;3;;3;;3;;3;
;3;;3;;3;;3;;3;;3;;3;;3;;3;;3;;3;;3;;3;;3;;3;;3;;3;;3;;3;;3;;3;;3;;3;;3;;3;;3;;3;;3;;3;;3;;3;;3;;3;;3;;3;;3;;3;;3;;3;;3;;3;;3;;3;;3;;3;;3;;3;;4;
;4;;4;;4;;4;;4;;4;;4;;4;;4;;4;;4;;4;;4;;4;;4;;4;;4;;4;;4;;4;;4;;4;;4;;4;;4;;4;;4;;4;;4;;4;;4;;4;;5;;5;;5;;5;;5;;5;;5;;5;;5;;5;;5;;5;;5;;5;;5;;5;
;5;;5;;5;;5;;5;;5;;5;;6;;6;;6;;6;;6;;6;;6;;6;;6;;6;;6;;6;;6;;6;;6;;6;;6;;6;;6;;7;;7;;7;;7;;7;;7;;7;;7;;7;;7;;7;;7;;7;;8;;8;;8;;8;;8;;8;;8;;8;;9;
;9;;9;;9;;9;;9;;9;;9;;10;;10;;10;;10;;10;;10;;10;;10;;11;;11;;11;;11;;11;;11;;11;;11;;11;;12;;12;;12;;12;;12;;12;;12;;12;;12;;13;;13;;13;;13;;13;
;13;;13;;13;;13;;14;;14;;14;;14;;14;;14;;14;;14;;14;;15;;15;;15;;15;;15;;15;;15;;15;;15;;16;;16;;16;;16;;16;;16;;16;;16;;16;;16;;17;;17;;17;;17;
;17;;17;;17;;17;;17;;17;;17;;18;;18;;18;;18;;18;;18;;18;;18;;18;;18;;18;;18;;19;;19;;19;;19;;19;;19;;19;;19;;19;;19;;19;;19;;19;;19;;20;;20;;20;
;20;;20;;20;;20;;20;;20;;20;;20;;20;;20;;20;;20;;20;;21;;21;;21;;21;;21;;21;;21;;21;;21;;21;;21;;21;;21;;21;;21;;21;;21;;21;;21;;22;;22;;22;;22;
;22;;22;;22;;22;;22;;22;;22;;22;;22;;22;;22;;22;;22;;22;;22;;22;;22;;22;;22;;22;;22;;23;;23;;23;;23;;23;;23;;23;;23;;23;;23;;23;;23;;23;;23;;23;
;23;;23;;23;;23;;23;;23;;23;;23;;23;;23;;23;;23;;23;;23;;23;;24;;24;;24;;24;;24;;24;;24;;24;;24;;24;;24;;24;;24;;24;;24;;24;;24;;24;;24;;24;;24;
;24;;24;;24;;24;;24;;24;;24;;24;;24;;24;;24;;25;;25;;25;;25;;25;;25;;25;;25;;25;;25;;25;;25;;25;;25;;25;;25;;25;;25;;25;;25;;25;;25;;25;;25;;25;
;25;;25;;25;;25;;25;;25;;25;;25;;25;;25;;25;;25;;26;;26;;26;;26;;26;;26;;26;;26;;26;;26;;26;;26;;26;;26;;26;;26;;26;;26;;26;;26;;26;;26;;26;;26;
;26;;26;;26;;26;;26;;26;;26;;26;;26;;26;;26;;26;;26;;26;;26;;26;;26;;26;;26;;26;;26;;26;;26;;26;;27;;27;;27;;27;;27;;27;;27;;27;;27;;27;;27;;27;
;27;;27;;27;;27;;27;;27;;27;;27;;27;;27;;27;;27;;27;;27;;27;;27;;27;;27;;27;;27;;27;;27;;27;;27;;27;;27;;27;;27;;27;;27;;27;;27;;27;;27;;27;;27;
;27;;27;;27;;27;;28;;28;;28;;28;;28;;28;;28;;28;;28;;28;;28;;28;;28;;28;;28;;28;;28;;28;;28;;28;;28;;28;;28;;28;;28;;28;;28;;28;;28;;28;;28;;28;
;28;;28;;28;;28;;28;;28;;28;;28;;28;;28;;28;;28;;28;;28;;28;;28;;28;;28;;28;;28;;29;;29;;29;;29;;29;;29;;29;;29;;29;;29;;29;;29;;29;;29;;29;;29;
;29;;29;;29;;29;;29;;29;;29;;29;;29;;29;;29;;29;;29;;29;;29;;29;;29;;29;;29;;29;;29;;29;;29;;29;;29;;29;;29;;29;;29;;29;;29;;29;;29;;29;;29;;29;
;29;;30;;30;;30;;30;;30;;30;;30;;30;;30;;30;;30;;30;;30;;30;;30;;30;;30;;30;;30;;30;;30;;30;;30;;30;;30;;30;;30;;30;;30;;30;;30;;30;;30;;30;;30;
;30;;30;;30;;30;;30;;30;;30;;30;;30;;30;;30;;30;;30;;30;;30;;30;;30;;30;;31;;31;;31;;31;;31;;31;;31;;31;;31;;31;;31;;31;;31;;31;;31;;31;;31;;31;
;31;;31;;31;;31;;31;;31;;31;;31;;31;;31;;31;;31;;31;;31;;31;;31;;31;;31;;31;;31;;31;;31;;31;;31;;31;;31;;31;;31;;31;;31;;31;;31;;31;;31;;32;;32;
;32;;32;;32;;32;;32;;32;;32;;32;;32;;32;;32;;32;;32;;32;;32;;32;;32;;32;;32;;32;;32;;32;;32;;32;;32;;32;;32;;32;;32;;32;;32;;32;;32;;32;;32;;32;
;32;;32;;32;;32;;32;;32;;32;;32;;32;;32;;32;;32;;32;;32;;32;;32;;32;;32;;32;;32;;32;;33;;33;;33;;33;;33;;33;;33;;33;;33;;33;;33;;33;;33;;33;;33;
;33;;33;;33;;33;;33;;33;;33;;33;;33;;33;;33;;33;;33;;33;;33;;33;;33;;33;;33;;33;;33;;33;;33;;33;;33;;33;;33;;33;;33;;33;;33;;33;;33;;33;;33;;33;
;33;;33;;33;;33;;33;;33;;33;;33;;33;;33;;33;;33;;33;;33;;33;;33;;33;;33;;33;;33;;33;;33;;34;;34;;34;;34;;34;;34;;34;;34;;34;;34;;34;;34;;34;;34;
;34;;34;;34;;34;;34;;34;;34;;34;;34;;34;;34;;34;;34;;34;;34;;34;;34;;34;;34;;34;;34;;34;;34;;34;;34;;34;;34;;34;;34;;34;;34;;34;;34;;34;;34;;34;
;34;;34;;34;;34;;34;;34;;34;;34;;34;;34;;34;;34;;34;;34;;34;;34;;34;;34;;34;;34;;34;;34;;34;;34;;34;;34;;34;;34;;34;;34;;35;;35;;35;;35;;35;;35;
;35;;35;;35;;35;;35;;35;;35;;35;;35;;35;;35;;35;;35;;35;;35;;35;;35;;35;;35;;35;;35;;35;;35;;35;;35;;35;;35;;35;;35;;35;;35;;35;;35;;35;;35;;35;
;35;;35;;35;;35;;35;;35;;35;;35;;35;;35;;35;;35;;35;;35;;35;;35;;35;;35;;35;;35;;35;;35;;35;;35;;35;;35;;35;;35;;35;;35;;35;;35;;35;;35;;35;;35;
;35;;35;;36;;36;;36;;36;;36;;36;;36;;36;;36;;36;;36;;36;;36;;36;;36;;36;;36;;36;;36;;36;;36;;36;;36;;36;;36;;36;;36;;36;;36;;36;;36;;36;;36;;36;
;36;;36;;36;;36;;36;;36;;36;;36;;36;;36;;36;;36;;36;;36;;36;;36;;36;;36;;36;;36;;36;;36;;36;;36;;36;;36;;36;;36;;36;;36;;36;;36;;36;;36;;36;;36;
;36;;36;;36;;36;;36;;36;;36;;36;;36;;36;;37;;37;;37;;37;;37;;37;;37;;37;;37;;37;;37;;37;;37;;37;;37;;37;;37;;37;;37;;37;;37;;37;;37;;37;;37;;37;
;37;;37;;37;;37;;37;;37;;37;;37;;37;;37;;37;;37;;37;;37;;37;;37;;37;;37;;37;;37;;37;;37;;37;;37;;37;;37;;37;;37;;37;;37;;37;;37;;37;;37;;37;;37;
;37;;37;;37;;37;;37;;37;;37;;37;;37;;37;;37;;37;;37;;37;;37;;37;;37;;37;;38;;38;;38;;38;;38;;38;;38;;38;;38;;38;;38;;38;;38;;38;;38;;38;;38;;38;
;38;;38;;38;;38;;38;;38;;38;;38;;38;;38;;38;;38;;38;;38;;38;;38;;38;;38;;38;;38;;38;;38;;38;;38;;38;;38;;38;;38;;38;;38;;38;;38;;38;;38;;38;;38;
;38;;38;;38;;38;;38;;38;;38;;38;;38;;38;;38;;38;;38;;38;;38;;38;;38;;38;;38;;38;;38;;38;;38;;38;;38;;38;;39;;39;;39;;39;;39;;39;;39;;39;;39;;39;
;39;;39;;39;;39;;39;;39;;39;;39;;39;;39;;39;;39;;39;;39;;39;;39;;39;;39;;39;;39;;39;;39;;39;;39;;39;;39;;39;;39;;39;;39;;39;;39;;39;;39;;39;;39;
;39;;39;;39;;39;;39;;39;;39;;39;;39;;39;;39;;39;;39;;39;;39;;39;;39;;39;;39;;39;;39;;39;;39;;39;;39;;39;;39;;39;;39;;39;;39;;39;;39;;39;
/*
 * 17.5. coordinates i of coast cells
 */
;0;;1;;2;;3;;4;;5;;6;;7;;8;;9;;10;;11;;12;;13;;14;;15;;16;;17;;18;;19;;20;;21;;22;;23;;24;;25;;26;;27;;28;;29;;30;;31;;32;;33;;34;;35;;36;;37;;38;
;39;;40;;41;;42;;43;;44;;45;;46;;47;;48;;49;;50;;51;;52;;53;;54;;55;;56;;57;;58;;77;;78;;79;
;0;;1;;2;;3;;4;;5;;6;;7;;8;;9;;10;;11;;12;;13;;14;;15;;16;;17;;18;;19;;20;;21;;22;;23;;24;;25;;26;;27;;28;;29;;30;;31;;32;;33;;34;;35;;36;;37;;38;
;39;;40;;41;;42;;43;;44;;45;;46;;47;;48;;49;;50;;51;;52;;53;;54;;57;;58;;74;;75;;76;;77;;78;;79;
;0;;1;;2;;3;;4;;5;;6;;7;;8;;9;;10;;11;;12;;13;;14;;15;;16;;17;;18;;19;;20;;21;;22;;23;;24;;25;;26;;27;;28;;29;;30;;31;;32;;33;;34;;35;;36;;37;;38;
;39;;40;;41;;42;;43;;44;;45;;46;;47;;48;;49;;50;;51;;52;;72;;73;;74;;75;;76;;77;;78;;79;
;0;;1;;2;;3;;4;;5;;6;;7;;8;;9;;10;;11;;12;;13;;14;;15;;16;;17;;18;;19;;20;;21;;22;;23;;24;;25;;26;;27;;28;;29;;30;;31;;32;;33;;37;;38;;39;;40;;41;
;42;;43;;44;;45;;46;;47;;72;;73;;74;;75;;76;;77;;78;;79;
;0;;1;;2;;3;;4;;5;;6;;7;;8;;9;;10;;11;;12;;13;;14;;15;;16;;17;;22;;23;;24;;42;;43;;44;;45;;72;;73;;74;;75;;76;;77;;78;;79;
;0;;1;;2;;3;;4;;8;;9;;10;;11;;12;;13;;14;;15;;16;;17;;72;;73;;74;;75;;76;;77;;78;;79;
;0;;9;;10;;11;;12;;13;;14;;15;;16;;17;;71;;72;;73;;74;;75;;76;;77;;78;;79;
;0;;12;;13;;14;;15;;72;;73;;74;;75;;76;;77;;78;;79;
;72;;73;;74;;75;;76;;77;;78;;79;
;72;;73;;74;;75;;76;;77;;78;;79;
;72;;73;;74;;75;;76;;77;;78;;79;
;71;;72;;73;;74;;75;;76;;77;;78;;79;
;71;;72;;73;;74;;75;;76;;77;;78;;79;
;71;;72;;73;;74;;75;;76;;77;;78;;79;
;71;;72;;73;;74;;75;;76;;77;;78;;79;
;71;;72;;73;;74;;75;;76;;77;;78;;79;
;70;;71;;72;;73;;74;;75;;76;;77;;78;;79;
;69;;70;;71;;72;;73;;74;;75;;76;;77;;78;;79;
;68;;69;;70;;71;;72;;73;;74;;75;;76;;77;;78;;79;
;66;;67;;68;;69;;70;;71;;72;;73;;74;;75;;76;;77;;78;;79;
;64;;65;;66;;67;;68;;69;;70;;71;;72;;73;;74;;75;;76;;77;;78;;79;
;61;;62;;63;;64;;65;;66;;67;;68;;69;;70;;71;;72;;73;;74;;75;;76;;77;;78;;79;
;55;;56;;57;;58;;59;;60;;61;;62;;63;;64;;65;;66;;67;;68;;69;;70;;71;;72;;73;;74;;75;;76;;77;;78;;79;
;50;;51;;52;;53;;54;;55;;56;;57;;58;;59;;60;;61;;62;;63;;64;;65;;66;;67;;68;;69;;70;;71;;72;;73;;74;;75;;76;;77;;78;;79;
;48;;49;;50;;51;;52;;53;;54;;55;;56;;57;;58;;59;;60;;61;;62;;63;;64;;65;;66;;67;;68;;69;;70;;71;;72;;73;;74;;75;;76;;77;;78;;79;
;0;;1;;45;;46;;47;;48;;49;;50;;51;;52;;53;;54;;55;;56;;57;;58;;59;;60;;61;;62;;63;;64;;65;;66;;67;;68;;69;;70;;71;;72;;73;;74;;75;;76;;77;;78;;79;
;0;;1;;2;;3;;4;;5;;10;;11;;12;;13;;14;;43;;44;;45;;46;;47;;48;;49;;50;;51;;52;;53;;54;;55;;56;;57;;58;;59;;60;;61;;62;;63;;64;;65;;66;;67;;68;;69;
;70;;71;;72;;73;;74;;75;;76;;77;;78;;79;
;0;;1;;2;;3;;4;;5;;6;;7;;8;;9;;10;;11;;12;;13;;14;;43;;44;;45;;46;;47;;48;;49;;50;;51;;52;;53;;54;;55;;56;;57;;58;;59;;60;;61;;62;;63;;64;;65;;66;
;67;;68;;69;;70;;71;;72;;73;;74;;75;;76;;77;;78;;79;
;0;;1;;2;;3;;4;;5;;6;;7;;8;;9;;10;;11;;12;;13;;42;;43;;44;;45;;46;;47;;48;;49;;50;;51;;52;;53;;54;;55;;56;;57;;58;;59;;60;;61;;62;;63;;64;;65;;66;
;67;;68;;69;;70;;71;;72;;73;;74;;75;;76;;77;;78;;79;
;0;;1;;2;;3;;4;;5;;6;;7;;8;;9;;10;;11;;12;;13;;41;;42;;43;;44;;45;;46;;47;;48;;49;;50;;51;;52;;53;;54;;55;;56;;57;;58;;59;;60;;61;;62;;63;;64;;65;
;66;;67;;68;;69;;70;;71;;72;;73;;74;;75;;76;;77;;78;;79;
;0;;1;;2;;3;;4;;5;;6;;7;;8;;9;;10;;11;;12;;13;;14;;42;;43;;44;;45;;46;;47;;48;;49;;50;;51;;52;;53;;54;;55;;56;;57;;58;;59;;60;;61;;62;;63;;64;;65;
;66;;67;;68;;69;;70;;71;;72;;73;;74;;75;;76;;77;;78;;79;
;0;;1;;2;;3;;4;;5;;6;;7;;8;;9;;10;;11;;12;;13;;14;;15;;44;;45;;46;;47;;48;;49;;50;;51;;52;;53;;54;;55;;56;;57;;58;;59;;60;;61;;62;;63;;64;;65;;66;
;67;;68;;69;;70;;71;;72;;73;;74;;75;;76;;77;;78;;79;
;0;;1;;2;;3;;4;;5;;6;;7;;8;;9;;10;;11;;12;;13;;14;;15;;16;;18;;19;;20;;21;;42;;43;;44;;45;;46;;47;;48;;49;;50;;51;;52;;53;;54;;55;;56;;57;;58;;59;
;60;;61;;62;;63;;64;;65;;66;;67;;68;;69;;70;;71;;72;;73;;74;;75;;76;;77;;78;;79;
;0;;1;;2;;3;;4;;5;;6;;7;;8;;9;;10;;11;;12;;13;;14;;15;;16;;17;;18;;19;;20;;21;;22;;23;;24;;25;;26;;27;;28;;29;;30;;31;;32;;40;;41;;42;;43;;44;;45;
;46;;47;;48;;49;;50;;51;;52;;53;;54;;55;;56;;57;;58;;59;;60;;61;;62;;63;;64;;65;;66;;67;;68;;69;;70;;71;;72;;73;;74;;75;;76;;77;;78;;79;
;0;;1;;2;;3;;4;;5;;6;;7;;8;;9;;10;;11;;12;;13;;14;;15;;16;;17;;18;;19;;20;;21;;22;;23;;24;;25;;26;;27;;28;;29;;30;;31;;32;;33;;34;;35;;36;;37;;38;
;39;;40;;41;;42;;43;;44;;45;;46;;47;;48;;49;;50;;51;;52;;53;;54;;55;;56;;57;;58;;59;;60;;61;;62;;63;;64;;65;;66;;67;;68;;69;;70;;71;;72;;73;;74;;75;;76;;77;;78;;79;
;0;;1;;2;;3;;4;;5;;6;;7;;8;;9;;10;;11;;12;;13;;14;;15;;16;;17;;18;;19;;20;;21;;22;;23;;24;;25;;26;;27;;28;;29;;30;;31;;32;;33;;34;;35;;36;;37;;38;
;39;;40;;41;;42;;43;;44;;45;;46;;47;;48;;49;;50;;51;;52;;53;;54;;55;;56;;57;;58;;59;;60;;61;;62;;63;;64;;65;;66;;67;;68;;69;;70;;71;;72;;73;;74;;75;;76;;77;;78;;79;
;0;;1;;2;;3;;4;;5;;6;;7;;8;;9;;10;;11;;12;;13;;14;;15;;16;;17;;18;;19;;20;;21;;22;;23;;24;;25;;26;;27;;28;;29;;30;;31;;32;;33;;34;;35;;36;;37;;38;
;39;;40;;41;;42;;43;;44;;45;;46;;47;;48;;49;;50;;51;;52;;53;;54;;55;;56;;57;;58;;59;;60;;61;;62;;63;;64;;65;;66;;67;;68;;69;;70;;71;;72;;73;;74;;75;;76;;77;;78;;79;
;0;;1;;2;;3;;4;;5;;6;;7;;8;;9;;10;;11;;12;;13;;14;;15;;16;;17;;18;;19;;20;;21;;22;;23;;24;;25;;26;;27;;28;;29;;30;;31;;32;;33;;34;;35;;36;;37;;38;
;39;;40;;41;;42;;43;;44;;45;;46;;47;;48;;49;;50;;51;;52;;53;;54;;55;;56;;57;;58;;59;;60;;61;;62;;63;;64;;65;;66;;67;;68;;69;;70;;71;;72;;73;;74;;75;;76;;77;;78;;79;
;0;;1;;2;;3;;4;;5;;6;;7;;8;;9;;10;;11;;12;;13;;14;;15;;16;;17;;18;;19;;20;;21;;22;;23;;24;;25;;26;;27;;28;;29;;30;;31;;32;;33;;34;;35;;36;;37;;38;
;39;;40;;41;;42;;43;;44;;45;;46;;47;;48;;49;;50;;51;;52;;53;;54;;55;;56;;57;;58;;59;;60;;61;;62;;63;;64;;65;;66;;67;;68;;69;;70;;71;;72;;73;;74;;75;;76;;77;;78;;79;
;0;;1;;2;;3;;4;;5;;6;;7;;8;;9;;10;;11;;12;;13;;14;;15;;16;;17;;18;;19;;20;;21;;22;;23;;24;;25;;26;;27;;28;;29;;30;;31;;32;;33;;34;;35;;36;;37;;38;
;39;;40;;41;;42;;43;;44;;45;;46;;47;;48;;49;;50;;51;;52;;53;;54;;55;;56;;57;;58;;59;;60;;61;;62;;63;;64;;65;;66;;67;;68;;69;;70;;71;;72;;73;;74;;75;;76;;77;;78;;79;

//
// EOF - COAST
