///////////////////////////
//
// FISHING SEASONALITY FILE
//
///////////////////////////
//
// In some versions, this file is included in the FISHING FILE
//
/*
 * 15.1. Number of time steps per year
 * Assertion: ${15.1} == ${3.6}. It is a reminder from CONFIGURATION FILE
 */
;24;
/* 
 * 15.2. F seasonality for each species
 * Percent throughout the year for each time-step.
 * ; % for time-step 1; % for time-step 2; ... ; % for last time-step;
 * Assertion: SUM(% for time-step i) = 100
 */
// Horse mackerel
;1.468;;1.468;;4.624;;4.624;;1.412;;1.412;;1.715;;1.715;;1.548;;1.548;;1.751;;1.751;;2.336;;2.336;;1.778;;1.778;;3.037;;3.037;;12.048;;12.048;;10.491;;10.491;;7.792;;7.792;

// Lesser spotted dogfish
;4.167;;4.167;;4.167;;4.167;;4.167;;4.167;;4.167;;4.167;;4.167;;4.167;;4.167;;4.167;;4.167;;4.167;;4.167;;4.167;;4.167;;4.167;;4.167;;4.167;;4.167;;4.167;;4.167;;4.167;

// Pouting
;4.167;;4.167;;4.167;;4.167;;4.167;;4.167;;4.167;;4.167;;4.167;;4.167;;4.167;;4.167;;4.167;;4.167;;4.167;;4.167;;4.167;;4.167;;4.167;;4.167;;4.167;;4.167;;4.167;;4.167;

// Whiting
;4.167;;4.167;;4.167;;4.167;;4.167;;4.167;;4.167;;4.167;;4.167;;4.167;;4.167;;4.167;;4.167;;4.167;;4.167;;4.167;;4.167;;4.167;;4.167;;4.167;;4.167;;4.167;;4.167;;4.167;

// Mackerel
;4.167;;4.167;;4.167;;4.167;;4.167;;4.167;;4.167;;4.167;;4.167;;4.167;;4.167;;4.167;;4.167;;4.167;;4.167;;4.167;;4.167;;4.167;;4.167;;4.167;;4.167;;4.167;;4.167;;4.167;

// Squids
;4.167;;4.167;;4.167;;4.167;;4.167;;4.167;;4.167;;4.167;;4.167;;4.167;;4.167;;4.167;;4.167;;4.167;;4.167;;4.167;;4.167;;4.167;;4.167;;4.167;;4.167;;4.167;;4.167;;4.167;

// Sole
;1.719;;1.719;;2.889;;2.889;;5.610;;5.610;;6.309;;6.309;;4.033;;4.033;;4.954;;4.954;;5.079;;5.079;;5.165;;5.165;;4.963;;4.963;;4.461;;4.461;;2.914;;2.914;;1.905;;1.905;

// Plaice
;3.596;;3.596;;3.639;;3.639;;4.097;;4.097;;4.327;;4.327;;4.504;;4.504;;4.981;;4.981;;4.616;;4.616;;4.211;;4.211;;4.243;;4.243;;4.334;;4.334;;3.775;;3.775;;3.676;;3.676;

// Poor cod
;4.167;;4.167;;4.167;;4.167;;4.167;;4.167;;4.167;;4.167;;4.167;;4.167;;4.167;;4.167;;4.167;;4.167;;4.167;;4.167;;4.167;;4.167;;4.167;;4.167;;4.167;;4.167;;4.167;;4.167;

// cod
;5.451;;5.451;;4.311;;4.311;;3.737;;3.737;;3.680;;3.680;;3.759;;3.759;;3.437;;3.437;;3.159;;3.159;;3.141;;3.141;;3.398;;3.398;;4.292;;4.292;;5.534;;5.534;;6.101;;6.101;

// Dragonets
;4.167;;4.167;;4.167;;4.167;;4.167;;4.167;;4.167;;4.167;;4.167;;4.167;;4.167;;4.167;;4.167;;4.167;;4.167;;4.167;;4.167;;4.167;;4.167;;4.167;;4.167;;4.167;;4.167;;4.167;
//
// EOF - FISHING SEASONALITY
