/////////////////////
//
// ACCESSIBILITY FILE
//
/////////////////////
//
/*
 * 12.1. Number of simulated species
 * Assertion: ${12.1} == ${4.1} == ${3.9} 
 */
;11;
/*
 * 12.2. Number of plankon groups
 * Assertion: ${12.2} == ${8.1} == ${3.10}
 */
;10;
/*
 * 12.3. Number of accessible stages per species and size thresholds between stages.
 * One block of options (for one species) is defined as follows:
 * // name of the species, commented
 * ;number of stages considered;
 * ;age thresholds between stages; (x number of stages - 1)
 */
// --------horse mackerel-------------------
;1;
// --------lesser spotted dogfish---------------
;2;
;9.5;
// --------pouting--------
;2;
;10; 
// --------whiting-----------
;2;
;10;
// --------Mackerel------------
;1;
// --------Squids---------------
;2;
;0.4;
// --------Sole-----------------
;2;
;3;
// --------Plaice--------------------
;2;
;3;
// --------Poor cod-------------------
;2;
;6;
// --------cod----------------
;2;
;6;
// --------dragonets---------------------
;2;
;5;
/*
 * 12.4. Accessibility coefficients defined for all species at every stage with each species at each stage.
 */
// --------horse mackerel stage 1--------
;0.8;;0;;0.8;;0.8;;0.8;;0.8;;0.8;;0.8;;0;;0.8;;0.8;;0;;0.8;;0;;0.8;;0.8;;0.8;;0.8;;0.8;;0.8;
// --------roussette oeuf --------
;0.05;;0.1;;0.1;;0.05;;0.1;;0.05;;0.1;;0.05;;0.1;;0.05;;0.05;;0.1;;0.05;;0.1;;0.05;;0.1;;0.05;;0.1;;0.05;;0.1;
// --------roussette--------
;0.8;;0.5;;0.8;;0.8;;0.8;;0.8;;0.8;;0.8;;0.5;;0.8;;0.8;;0.5;;0.8;;0.5;;0.8;;0.8;;0.8;;0.8;;0.8;;0.8;
// --------pouting pelagique--------
;0.8;;0;;0.8;;0.8;;0.8;;0.8;;0.8;;0.8;;0;;0.8;;0.8;;0;;0.8;;0;;0.8;;0.8;;0.8;;0.8;;0.8;;0.8;
// --------pouting demersal-----------
;0.8;;0.5;;0.8;;0.8;;0.8;;0.8;;0.8;;0.8;;0.5;;0.8;;0.8;;0.5;;0.8;;0.5;;0.8;;0.8;;0.8;;0.8;;0.8;;0.8;
// --------whiting pelagique------------
;0.8;;0;;0.8;;0.8;;0.8;;0.8;;0.8;;0.8;;0;;0.8;;0.8;;0;;0.8;;0;;0.8;;0.8;;0.8;;0.8;;0.8;;0.8;
// --------whiting demersal---------------
;0.8;;0.5;;0.8;;0.8;;0.8;;0.8;;0.8;;0.8;;0.5;;0.8;;0.8;;0.5;;0.8;;0.5;;0.8;;0.8;;0.8;;0.8;;0.8;;0.8;
// --------mackerel-----------------
;0.8;;0;;0.8;;0.8;;0.8;;0.8;;0.8;;0.8;;0;;0.8;;0.8;;0;;0.8;;0;;0.8;;0.8;;0.8;;0.8;;0.8;;0.8;
// --------squids eggs--------------------
;0.05;;0.1;;0.1;;0.05;;0.1;;0.05;;0.1;;0.05;;0.1;;0.05;;0.05;;0.1;;0.05;;0.1;;0.05;;0.1;;0.05;;0.1;;0.05;;0.1;
// --------squids-------------------

;0.8;;0;;0.5;;0.8;;0.5;;0.8;;0.5;;0.8;;0;;0.8;;0.8;;0;;0.8;;0;;0.8;;0.5;;0.8;;0.5;;0.8;;0.5;
//;0.8;;0;;0.8;;0.8;;0.8;;0.8;;0.8;;0.8;;0;;0.8;;0.8;;0;;0.8;;0;;0.8;;0.8;;0.8;;0.8;;0.8;;0.8;

// --------sole pelagic----------------
;0.8;;0;;0.8;;0.8;;0.8;;0.8;;0.8;;0.8;;0;;0.8;;0.8;;0;;0.8;;0;;0.8;;0.8;;0.8;;0.8;;0.8;;0.8;
// --------sole benthic---------------------
;0;;0.8;;0.8;;0;;0.8;;0;;0.8;;0;;0.8;;0;;0;;0.8;;0;;0.8;;0;;0.8;;0;;0.8;;0;;0.8;
// --------plaice pelagic---------------------
;0.8;;0;;0.8;;0.8;;0.8;;0.8;;0.8;;0.8;;0;;0.8;;0.8;;0;;0.8;;0;;0.8;;0.8;;0.8;;0.8;;0.8;;0.8;
// --------plaice benthic---------------------
;0;;0.8;;0.8;;0;;0.8;;0;;0.8;;0;;0.8;;0;;0;;0.8;;0;;0.8;;0;;0.8;;0;;0.8;;0;;0.8;
// --------poor cod pelagic---------------------
;0.8;;0;;0.8;;0.8;;0.8;;0.8;;0.8;;0.8;;0;;0.8;;0.8;;0;;0.8;;0;;0.8;;0.8;;0.8;;0.8;;0.8;;0.8;
// --------poor cod demersal---------------------
;0.8;;0.5;;0.8;;0.8;;0.8;;0.8;;0.8;;0.8;;0.5;;0.8;;0.8;;0.5;;0.8;;0.5;;0.8;;0.8;;0.8;;0.8;;0.8;;0.8;
// --------cod pelagic---------------------
;0.8;;0;;0.8;;0.8;;0.8;;0.8;;0.8;;0.8;;0;;0.8;;0.8;;0;;0.8;;0;;0.8;;0.8;;0.8;;0.8;;0.8;;0.8;
// --------cod demeral---------------------
;0.8;;0.5;;0.8;;0.8;;0.8;;0.8;;0.8;;0.8;;0.5;;0.8;;0.8;;0.5;;0.8;;0.5;;0.8;;0.8;;0.8;;0.8;;0.8;;0.8;
// --------dragonet pelagic---------------------
;0.8;;0;;0.8;;0.8;;0.8;;0.8;;0.8;;0.8;;0;;0.8;;0.8;;0;;0.8;;0;;0.8;;0.8;;0.8;;0.8;;0.8;;0.8;
// --------dragonet demersal---------------------
;0.8;;0.5;;0.8;;0.8;;0.8;;0.8;;0.8;;0.8;;0.5;;0.8;;0.8;;0.5;;0.8;;0.5;;0.8;;0.8;;0.8;;0.8;;0.8;;0.8;
/*
 * 12.5. Accessibility coefficients defined for all plankton groups with each species at each stage.
 */
// --------NanoPico-------
;0.8;;0;;0.8;;0.8;;0.8;;0.8;;0.8;;0.8;;0;;0.8;;0.8;;0;;0.8;;0;;0.8;;0.8;;0.8;;0.8;;0.8;;0.8;
// --------Dinoflagellates-------
;0.8;;0;;0.8;;0.8;;0.8;;0.8;;0.8;;0.8;;0;;0.8;;0.8;;0;;0.8;;0;;0.8;;0.8;;0.8;;0.8;;0.8;;0.8;
// --------Diatoms---------------
;0.8;;0;;0.8;;0.8;;0.8;;0.8;;0.8;;0.8;;0;;0.8;;0.8;;0;;0.8;;0;;0.8;;0.8;;0.8;;0.8;;0.8;;0.8;
// --------MicroZoo--------------
;0.8;;0;;0.8;;0.8;;0.8;;0.8;;0.8;;0.8;;0;;0.8;;0.8;;0;;0.8;;0;;0.8;;0.8;;0.8;;0.8;;0.8;;0.8;
// --------MesoZoo--------------
;0.8;;0;;0.8;;0.8;;0.8;;0.8;;0.8;;0.8;;0;;0.8;;0.8;;0;;0.8;;0;;0.8;;0.8;;0.8;;0.8;;0.8;;0.8;
// --------benthos1--------------
//;0;;0.8;;0.8;;0;;0.8;;0;;0.8;;0;;0.8;;0;;0;;0.8;;0;;0.8;;0;;0.8;;0;;0.8;;0;;0.8;
;0.5;;0.8;;0.8;;0.5;;0.8;;0.5;;0.8;;0.5;;0.8;;0.5;;0.5;;0.8;;0.5;;0.8;;0.5;;0.8;;0.5;;0.8;;0.5;;0.8;
// --------benthos2--------------
;0;;0.8;;0.8;;0;;0.8;;0;;0.8;;0;;0.8;;0;;0;;0.8;;0;;0.8;;0;;0.8;;0;;0.8;;0;;0.8;
// --------benthos3--------------
;0;;0.8;;0.8;;0;;0.8;;0;;0.8;;0;;0.8;;0;;0;;0.8;;0;;0.8;;0;;0.8;;0;;0.8;;0;;0.8;
// --------benthos4--------------
;0;;0.8;;0.8;;0;;0.8;;0;;0.8;;0;;0.8;;0;;0;;0.8;;0;;0.8;;0;;0.8;;0;;0.8;;0;;0.8;
// --------benthos5--------------
;0;;0.8;;0.8;;0;;0.8;;0;;0.8;;0;;0.8;;0;;0;;0.8;;0;;0.8;;0;;0.8;;0;;0.8;;0;;0.8;
//
// EOF - ACCESSIBILITY FILE

