////////////////////
//
// REPRODUCTION FILE
//
////////////////////
//
//File of reproduction parameters and seasonality
//
/*
 * 14.1. Number of time-steps per year
 * Assertion: ${14.1} == ${3.6}
 */
;24;
/*
 * 14.2. Reproduction seasonality for each species
 * Expressed in percent
 */
// Horse mackerel
;0;;0;;0;;0;;7;;7;;7;;7;;15;;15;;7;;7;;7;;7;;7;;7;;0;;0;;0;;0;;0;;0;;0;;0;

// Lesser spotted dogfish
;16.67;;16.67;;0;;0;;0;;0;;0;;0;;0;;0;;0;;0;;0;;0;;0;;0;;0;;0;;0;;0;;16.67;;16.67;;16.67;;16.67;

// Pouting
;0;;0;;5;;5;;15;;20;;20;;15;;5;;5;;5;;5;;0;;0;;0;;0;;0;;0;;0;;0;;0;;0;;0;;0;

// Whiting
;2.5;;2.5;;10;;10;;10;;10;;10;;10;;10;;10;;10;;5;;0;;0;;0;;0;;0;;0;;0;;0;;0;;0;;0;;0;

// Mackerel
;0;;0;;0;;0;;0;;0;;0;;0;;16.67;;16.67;;16.67;;16.67;;16.67;;16.67;;0;;0;;0;;0;;0;;0;;0;;0;;0;;0;

// Squids
;20;;15;;5;;5;;5;;5;;0;;0;;0;;0;;0;;0;;0;;0;;0;;0;;0;;0;;0;;0;;5;;5;;15;;20;

// Sole
;0;;0;;5;;5;;5;;5;;15;;20;;20;;15;;5;;5;;0;;0;;0;;0;;0;;0;;0;;0;;0;;0;;0;;0;

// Plaice
;12.5;;12.5;;12.5;;12.5;;12.5;;12.5;;0;;0;;0;;0;;0;;0;;0;;0;;0;;0;;0;;0;;0;;0;;0;;0;;12.5;;12.5;

// Poor cod
;0;;0;;10;;10;;15;;15;;15;;15;;10;;10;;0;;0;;0;;0;;0;;0;;0;;0;;0;;0;;0;;0;;0;;0;

// cod
;8;;8;;10;;20;;10;;8;;8;;8;;5;;5;;0;;0;;0;;0;;0;;0;;0;;0;;0;;0;;0;;0;;5;;5;

// Dragonets
;0;;0;;10;;10;;10;;10;;20;;20;;2.5;;2.5;;2.5;;2.5;;2.5;;2.5;;2.5;;2.5;;0;;0;;0;;0;;0;;0;;0;;0;
//
// EOF - REPRODUCTION


