////////////////////
//
// REPRODUCTION FILE
//
////////////////////
//
//File of reproduction parameters and seasonality
//
/*
 * 14.1. Number of time-steps per year
 * Assertion: ${14.1} == ${3.6}
 */
;24;
/*
 * 14.2. Reproduction seasonality for each species
 * Expressed in percent
 */
// anchovy
;10.65;;9.62;;8.06;;4.59;;2.68;;0.92;;1.07;;0.89;;0.55;;0.16;;0.1;;0.02;;0.01;;0;;0;;0.25;;0.49;;3.93;;7.12;;10.01;;9.71;;9.48;;9.54;;10.13;

// euphausiids
;3.89;;2.16;;1.32;;0.48;;0.46;;0.52;;0.59;;1.39;;2.11;;2.32;;1.81;;1.08;;0.87;;3.15;;5.64;;11.03;;13.93;;12.45;;8.07;;4.57;;5.43;;6.09;;5.88;;4.78;

// shallow w hake
;1.88;;2.02;;2.11;;2.51;;2.82;;3.65;;4.17;;5.29;;5.9;;6.82;;7.15;;7.51;;7.56;;7.31;;7.02;;6.03;;5.33;;3.8;;2.96;;1.82;;1.51;;1.4;;1.59;;1.83;

// deep water hake
;1.88;;2.02;;2.11;;2.51;;2.82;;3.65;;4.17;;5.29;;5.9;;6.82;;7.15;;7.51;;7.56;;7.31;;7.02;;6.03;;5.33;;3.8;;2.96;;1.82;;1.51;;1.4;;1.59;;1.83;

// horse mackerel
;0.78;;0.6;;0.5;;0.61;;0.82;;1.34;;1.65;;2.27;;2.59;;4.4;;5.9;;8.68;;9.95;;10.63;;10.04;;8.95;;8.46;;6.93;;5.9;;3.64;;2.41;;1.1;;1.01;;0.85;

// lanternfish
;0.13;;0.02;;0.02;;0.02;;0.02;;0.04;;0.06;;0.11;;0.15;;2.23;;4.27;;7.9;;9.48;;10.62;;10.17;;11.77;;13.81;;12.55;;9.25;;4.1;;2.26;;0.4;;0.38;;0.25;

// lightfish
;3.8;;2.62;;1.8;;0.91;;0.83;;0.87;;0.99;;1.1;;1.08;;1.64;;2.23;;3.25;;3.69;;4.97;;5.8;;7.41;;8.17;;9.51;;10.07;;8.74;;6.85;;4.82;;4.68;;4.18;

// redeye
;1.36;;0.78;;0.79;;0.96;;1.14;;1.88;;2.44;;3.29;;3.56;;4.06;;4.28;;4.66;;4.83;;5.91;;6.82;;8.44;;9.14;;9.05;;8.27;;6.05;;4.62;;2.97;;2.75;;1.94;

// sardine
;6.61;;4.98;;3.71;;2.56;;2.69;;3.02;;3.23;;3.13;;2.81;;2.08;;1.67;;1.44;;1.63;;2.14;;2.48;;3.09;;3.36;;5.74;;7.84;;8.55;;7.15;;6.28;;6.81;;6.97;

// silver kob
;4.17;;4.17;;4.17;;4.17;;4.17;;4.17;;4.17;;4.17;;4.17;;4.17;;4.17;;4.17;;4.17;;4.17;;4.17;;4.17;;4.17;;4.17;;4.17;;4.17;;4.17;;4.17;;4.17;;4.17;

// snoek
;0.05;;0.04;;0.08;;0.12;;0.13;;0.18;;0.22;;1.4;;2.55;;7.27;;10.85;;15.06;;15.69;;13.95;;11.58;;7.65;;6.09;;3.3;;2.07;;0.66;;0.48;;0.26;;0.21;;0.1;
//
// EOF - REPRODUCTION
