///////////
//
// MPA FILE
//
///////////
/*
 * 18.1. Number of lines
 * Assertion: ${18.1} == ${3.1}
 */
;62;
/*
 * 18.2. Number of columns
 * Assertion: ${18.2} == ${3.2}
 */
;56;
/*
 * 18.3. Total number of cells for the MPA
 */
;109;
/*
 * 18.4. MPA start year
 */
;5;
/*
 * 18.5. MPA end year
 */
;10;
/*
 * 18.6. MPA i coordinates
 */ 
;25;;25;;26;;26;;26;;27;;27;;27;;27;;28;;28;;28;;28;;29;;29;;29;;30;;30;;30;;31;;31;;31;;32;;32;;32;;33;;33;;33;;34;;34;;35;;36;;37;;37;;38;;38;;39;;39;;39;;40;;40;;40;;41;;41;;41;;42;;42;;42;;43;;43;;43;;44;;44;;44;;45;;45;;45;;46;;46;;46;;47;;47;;47;;48;;48;;48;;49;;49;;49;;50;;50;;50;;51;;51;;51;;52;;52;;52;;53;;53;;53;;54;;54;;54;;55;;55;;55;;55;;56;;56;;56;;56;;57;;57;;57;;57;;57;;57;;57;;58;;58;;58;;58;;58;;58;;58;;58;;58;;58;
/*
 * 18.7. MPA j coordinates
 */
;4;;5;;4;;5;;6;;4;;5;;6;;7;;4;;5;;6;;7;;5;;6;;7;;5;;6;;7;;6;;7;;8;;6;;7;;8;;7;;8;;9;;8;;9;;9;;10;;10;;11;;10;;11;;10;;11;;12;;10;;11;;12;;11;;12;;13;;12;;13;;14;;13;;14;;15;;14;;15;;16;;15;;16;;17;;16;;17;;18;;17;;18;;19;;18;;19;;20;;19;;20;;21;;20;;21;;22;;21;;22;;23;;22;;23;;24;;23;;24;;25;;24;;25;;39;;26;;38;;39;;40;;27;;37;;38;;39;;28;;29;;35;;36;;37;;38;;39;;28;;29;;30;;31;;32;;33;;34;;35;;36;;37;
//
// EOF - MPA
