/////////////
//
// COAST FILE
//
/////////////
//
// Coast line Adriatique
// 
//
/* 
 * 17.1. Number of lines
 * Assertion: ${17.1} == ${3.1}
 */
;392;
/*
 * 17.2. Number of columns
 * Assertion: ${17.2} == ${3.2}
 */
;281;
/*
 * 17.3. Number of cells occupied by coast
 */
;3328;
/*
 * 17.4. coordinates i of coast cells ccordx
 */ 
;101;;102;;103;;85;;87;;88;;89;;90;;101;;103;;104;;105;;83;;84;;85;;86;;87;;90;;91;;92;;93;;94;;95;;96;;97;;100;;101;;101;
;105;;106;;83;;95;;96;;97;;99;;100;;100;;101;;106;;107;;108;;83;;84;;85;;86;;95;;96;;97;;98;;99;;108;;109;;84;;85;;97;;109;
;110;;79;;80;;81;;82;;83;;84;;109;;110;;75;;76;;77;;78;;79;;109;;110;;111;;112;;73;;74;;75;;108;;109;;110;;111;;112;;71;;72;
;73;;109;;110;;69;;70;;71;;102;;103;;104;;105;;106;;107;;108;;109;;110;;54;;55;;56;;57;;58;;66;;67;;68;;69;;100;;100;;101;
;102;;103;;53;;54;;55;;56;;58;;64;;65;;66;;99;;100;;100;;101;;101;;102;;103;;51;;52;;53;;57;;58;;59;;60;;61;;62;;63;;64;
;100;;50;;51;;55;;56;;57;;58;;59;;100;;50;;55;;56;;57;;100;;101;;50;;54;;55;;101;;46;;47;;48;;49;;50;;53;;54;;55;;101;
;46;;47;;48;;52;;53;;54;;101;;132;;133;;134;;135;;136;;46;;47;;48;;101;;102;;103;;104;;131;;132;;136;;137;;138;;139;
;47;;48;;49;;103;;104;;130;;131;;139;;140;;141;;142;;143;;46;;47;;48;;49;;103;;104;;130;;141;;142;;143;;49;;103;;130;
;143;;144;;49;;50;;51;;52;;53;;103;;129;;130;;144;;145;;146;;50;;53;;103;;104;;129;;146;;147;;148;;53;;104;;129;;148;;149;
;52;;53;;104;;105;;106;;107;;108;;128;;129;;149;;150;;151;;52;;53;;54;;105;;106;;107;;127;;128;;151;;152;;153;;52;;53;
;54;;105;;126;;127;;153;;154;;53;;54;;55;;56;;105;;106;;107;;121;;122;;126;;154;;55;;56;;57;;58;;107;;108;;121;
;122;;125;;126;;154;;155;;58;;59;;108;;109;;121;;122;;126;;155;;59;;60;;109;;110;;121;;122;;123;;126;;155;;156;;60;
;61;;110;;111;;121;;122;;123;;124;;125;;126;;156;;157;;60;;61;;111;;112;;120;;121;;122;;123;;156;;157;;60;;112;;120;
;156;;56;;57;;58;;60;;111;;112;;113;;119;;120;;156;;56;;57;;58;;60;;112;;113;;119;;120;;156;;51;;52;;53;;56;;57;;58;
;59;;60;;113;;114;;116;;119;;120;;155;;156;;51;;52;;53;;56;;57;;58;;59;;114;;115;;116;;117;;118;;119;;120;;155;;50;;51;
;53;;54;;55;;56;;115;;116;;117;;155;;50;;116;;117;;155;;156;;50;;156;;50;;156;;50;;156;;50;;156;;157;;50;;51;;157;;158;
;51;;52;;158;;159;;52;;159;;160;;51;;52;;160;;161;;51;;161;;162;;163;;51;;163;;164;;51;;164;;165;;51;;52;;165;;166;;167;
;52;;167;;168;;52;;53;;168;;169;;170;;53;;170;;171;;53;;171;;172;;53;;54;;172;;173;;174;;175;;54;;170;;171;;172;;173;;175;
;176;;177;;54;;167;;168;;169;;171;;173;;174;;177;;178;;54;;55;;164;;165;;166;;167;;168;;169;;170;;171;;174;;175;;176;;177;
;178;;179;;180;;55;;56;;164;;165;;166;;167;;171;;180;;56;;166;;56;;57;;166;;57;;58;;59;;166;;167;;59;;60;;167;;168;;60;;61;
;168;;169;;61;;62;;63;;169;;170;;171;;63;;64;;171;;172;;64;;65;;172;;173;;174;;65;;66;;67;;174;;175;;67;;68;;69;;70;;175;;176;
;70;;71;;72;;73;;74;;176;;177;;178;;74;;75;;76;;178;;76;;77;;78;;178;;179;;180;;181;;78;;79;;80;;181;;182;;80;;81;;182;;183;
;184;;81;;82;;184;;185;;186;;82;;83;;84;;186;;187;;84;;85;;86;;186;;187;;188;;86;;87;;188;;189;;190;;191;;192;;195;;87;;88;
;192;;193;;194;;195;;196;;88;;89;;90;;194;;195;;196;;90;;91;;92;;195;;196;;197;;198;;92;;93;;94;;198;;94;;95;;96;;97;;100;
;101;;198;;97;;98;;99;;100;;101;;102;;197;;198;;102;;103;;197;;198;;103;;104;;197;;198;;104;;105;;198;;199;;212;;213;;214;
;215;;216;;217;;218;;219;;105;;198;;199;;200;;206;;207;;208;;209;;210;;211;;212;;217;;218;;219;;105;;198;;199;;200;;201;;202;
;203;;204;;205;;206;;207;;217;;218;;219;;220;;221;;222;;105;;106;;202;;203;;204;;205;;206;;207;;222;;223;;224;;106;;107;;224;
;225;;226;;227;;228;;107;;228;;229;;230;;107;;108;;230;;231;;232;;233;;234;;235;;236;;237;;108;;237;;238;;108;;109;;238;;239;
;240;;109;;240;;241;;109;;110;;241;;242;;110;;242;;243;;110;;111;;243;;244;;111;;244;;245;;246;;111;;112;;246;;247;;112;;247;
;248;;249;;250;;112;;113;;250;;251;;252;;113;;114;;252;;253;;254;;114;;254;;255;;114;;255;;256;;257;;258;;114;;241;;242;;243;
;244;;256;;257;;258;;259;;260;;261;;114;;115;;241;;242;;244;;245;;246;;247;;248;;249;;250;;251;;252;;253;;258;;259;;260;;261;
;115;;242;;243;;244;;245;;248;;249;;253;;254;;255;;256;;260;;115;;116;;245;;246;;247;;248;;249;;250;;251;;256;;257;;258;;260;
;261;;116;;251;;252;;253;;254;;258;;259;;261;;262;;263;;264;;265;;116;;117;;254;;255;;256;;257;;258;;259;;260;;261;;262;;263;
;264;;265;;266;;117;;258;;264;;265;;266;;267;;268;;269;;117;;258;;259;;260;;266;;267;;268;;269;;117;;260;;261;;262;;263;;264;
;269;;270;;117;;118;;264;;265;;266;;267;;268;;269;;270;;271;;272;;273;;274;;275;;118;;269;;270;;271;;272;;275;;276;;118;;119;
;276;;277;;119;;120;;277;;278;;279;;120;;279;;280;;281;;120;;121;;281;;282;;283;;121;;122;;283;;284;;285;;122;;283;;284;;285;
;122;;123;;285;;286;;287;;288;;289;;290;;123;;124;;289;;290;;124;;125;;289;;290;;125;;126;;127;;290;;291;;292;;127;;128;;292;
;293;;308;;128;;129;;293;;294;;295;;296;;308;;309;;310;;311;;129;;130;;296;;297;;298;;308;;309;;310;;311;;312;;130;;131;;132;
;298;;299;;300;;302;;303;;304;;305;;306;;307;;308;;309;;311;;312;;132;;133;;300;;301;;302;;303;;304;;305;;306;;307;;308;;309;
;310;;133;;134;;135;;136;;301;;302;;303;;304;;308;;309;;136;;137;;304;;305;;306;;307;;308;;309;;137;;138;;305;;306;;307;;309;
;138;;139;;309;;310;;139;;140;;310;;311;;140;;141;;311;;312;;313;;314;;315;;316;;317;;141;;142;;143;;312;;317;;143;;144;;145;
;317;;145;;146;;147;;148;;149;;317;;318;;319;;149;;319;;320;;149;;150;;320;;321;;322;;323;;149;;323;;324;;149;;150;;151;;324;
;325;;151;;152;;153;;324;;325;;326;;153;;154;;155;;156;;326;;156;;157;;158;;159;;160;;326;;327;;160;;161;;326;;327;;161;;162;
;163;;326;;163;;164;;165;;196;;197;;198;;199;;200;;201;;202;;203;;204;;326;;327;;165;;166;;167;;168;;169;;170;;171;;172;;173;
;174;;180;;181;;182;;183;;184;;185;;186;;187;;188;;189;;190;;191;;192;;193;;194;;195;;196;;204;;205;;206;;327;;328;;329;;330;
;174;;175;;176;;177;;178;;179;;180;;206;;207;;208;;330;;331;;332;;333;;334;;208;;334;;335;;336;;337;;338;;208;;209;;338;;339;
;340;;341;;209;;341;;342;;343;;344;;208;;209;;344;;345;;207;;208;;344;;345;;206;;207;;344;;204;;205;;206;;344;;203;;204;;344;
;201;;202;;203;;344;;198;;199;;200;;201;;344;;345;;197;;198;;345;;346;;196;;197;;339;;340;;343;;344;;345;;196;;339;;340;;341;
;342;;343;;196;;197;;340;;341;;197;;341;;342;;197;;198;;199;;342;;199;;200;;340;;341;;342;;200;;201;;340;;201;;202;;203;;339;
;340;;203;;204;;205;;206;;337;;338;;339;;206;;207;;337;;338;;207;;208;;209;;210;;338;;210;;211;;212;;338;;339;;212;;213;;214;
;215;;216;;339;;340;;341;;216;;217;;218;;341;;218;;219;;220;;221;;341;;221;;222;;223;;340;;341;;223;;224;;225;;226;;340;;226;
;227;;228;;229;;230;;339;;340;;230;;231;;232;;233;;339;;233;;234;;235;;236;;339;;236;;237;;238;;239;;339;;239;;240;;241;;242;
;243;;339;;243;;244;;245;;246;;338;;339;;246;;247;;248;;338;;339;;248;;249;;250;;339;;340;;341;;250;;251;;339;;340;;341;;342;
;251;;252;;253;;338;;339;;340;;342;;253;;254;;337;;338;;339;;341;;342;;254;;255;;256;;337;;339;;340;;341;;256;;257;;258;;337;
;338;;258;;259;;260;;338;;260;;261;;335;;336;;337;;338;;261;;262;;263;;264;;335;;264;;265;;266;;267;;268;;335;;336;;268;;269;
;270;;336;;270;;271;;272;;273;;335;;336;;273;;274;;275;;335;;275;;276;;277;;278;;279;;334;;335;;279;;280;;281;;282;;334;;281;
;282;;334;;335;;337;;338;;282;;335;;336;;337;;338;;339;;282;;283;;336;;337;;339;;283;;284;;337;;338;;339;;244;;245;;246;;284;
;285;;286;;337;;338;;339;;241;;242;;243;;244;;246;;247;;250;;251;;252;;253;;286;;287;;288;;338;;339;;239;;240;;241;;247;;248;
;249;;250;;251;;252;;253;;288;;289;;290;;339;;340;;237;;238;;239;;250;;290;;291;;333;;334;;335;;336;;340;;236;;237;;249;;250;
;291;;292;;333;;334;;336;;337;;340;;235;;236;;249;;250;;251;;292;;293;;294;;334;;335;;337;;340;;234;;235;;251;;252;;253;;294;
;295;;335;;337;;338;;340;;233;;234;;253;;254;;255;;295;;296;;335;;336;;338;;339;;340;;232;;233;;255;;256;;257;;258;;259;;296;
;297;;336;;338;;339;;231;;232;;259;;260;;261;;262;;263;;264;;265;;266;;267;;268;;269;;270;;271;;272;;297;;298;;336;;337;;231;
;261;;262;;272;;273;;274;;275;;276;;298;;299;;337;;338;;230;;231;;276;;277;;299;;338;;339;;230;;277;;278;;299;;339;;340;;341;
;229;;230;;278;;299;;300;;341;;342;;343;;344;;228;;229;;278;;279;;300;;301;;344;;345;;346;;228;;279;;280;;301;;346;;347;;348;
;226;;227;;228;;280;;281;;301;;348;;349;;350;;351;;225;;226;;281;;300;;301;;351;;352;;225;;280;;281;;300;;352;;353;;354;;224;
;225;;279;;280;;281;;299;;300;;354;;355;;224;;225;;280;;281;;297;;298;;299;;355;;356;;225;;281;;297;;356;;357;;225;;281;;282;
;296;;297;;357;;358;;225;;282;;283;;296;;357;;358;;224;;225;;283;;284;;296;;357;;358;;359;;360;;223;;224;;284;;285;;296;;360;
;361;;222;;223;;285;;286;;287;;296;;361;;221;;222;;287;;288;;289;;290;;291;;296;;361;;220;;221;;291;;292;;293;;296;;360;;361;
;220;;293;;294;;295;;296;;360;;220;;359;;360;;220;;360;;220;;221;;360;;221;;360;;361;;362;;363;;221;;363;;364;;365;;366;;221;
;222;;366;;367;;368;;222;;223;;224;;225;;226;;227;;228;;229;;231;;367;;368;;229;;230;;231;;232;;367;;232;;233;;366;;367;;233;
;234;;366;;367;;234;;235;;236;;366;;367;;368;;369;;370;;236;;237;;238;;239;;369;;370;;239;;240;;241;;369;;370;;371;;241;;242;
;369;;242;;243;;369;;370;;243;;244;;245;;246;;370;;371;;245;;246;;371;;245;;371;;372;;244;;245;;372;;373;;374;;244;;374;;375;
;376;;377;;378;;379;;244;;379;;244;;245;;379;;380;;245;;246;;380;;381;;246;;381;;382;;383;;245;;246;;383;;384;;245;;384;;385;
;392;;244;;245;;385;;386;;392;;245;;386;;387;;388;;392;;245;;246;;388;;389;;392;;246;;247;;389;;391;;392;;247;;248;;389;;390;
;391;;247;;248;;389;;390;;391;;392;;149;;150;;149;;150;;151;;150;;151;;152;;151;;152;;153;;154;;155;;156;;157;;152;;153;;154;
;155;;157;;158;;154;;158;;159;;154;;155;;159;;160;;161;;155;;156;;158;;159;;160;;160;;160;;161;;161;;161;;162;;156;;158;;159;
;160;;161;;162;;156;;157;;158;;159;;160;;161;;162;;163;;159;;160;;161;;163;;164;;165;;160;;161;;165;;166;;161;;162;;163;;164;
;166;;167;;168;;163;;164;;166;;167;;168;;169;;164;;165;;166;;167;;168;;169;;164;;165;;166;;167;;168;;169;;165;;166;;132;;133;
;134;;131;;132;;134;;135;;131;;134;;131;;132;;134;;132;;133;;134;;135;;133;;134;;135;;136;;134;;136;;134;;135;;136;;137;;138;
;139;;135;;136;;139;;132;;133;;135;;136;;138;;139;;132;;133;;134;;135;;136;;138;;132;;133;;138;;133;;138;;133;;138;;133;;134;
;138;;139;;133;;134;;135;;138;;139;;135;;138;;139;;135;;136;;138;;139;;136;;138;;139;;136;;137;;139;;140;;137;;138;;140;;138;
;140;;141;;142;;138;;139;;140;;141;;152;;153;;154;;155;;152;;153;;154;;155;;156;;154;;155;;156;;157;;158;;156;;157;;158;;159;
;160;;158;;159;;160;;161;;159;;160;;161;;160;;161;;162;;161;;162;;163;;164;;162;;163;;164;;165;;166;;163;;164;;166;;167;;164;
;165;;166;;167;;168;;169;;165;;166;;167;;168;;169;;166;;167;;168;;142;;143;;144;;141;;142;;144;;141;;144;;145;;141;;142;;144;
;145;;146;;139;;140;;141;;146;;147;;139;;140;;141;;147;;137;;138;;139;;147;;138;;139;;147;;148;;149;;150;;139;;140;;141;;143;
;144;;145;;150;;141;;142;;143;;144;;145;;150;;151;;152;;145;;149;;150;;151;;152;;145;;146;;147;;148;;149;;150;;151;;152;;148;
;149;;150;;222;;223;;215;;216;;217;;218;;219;;220;;221;;222;;223;;224;;225;;226;;227;;215;;216;;217;;221;;222;;223;;227;;228;
;217;;218;;219;;220;;221;;227;;228;;229;;230;;231;;232;;233;;234;;235;;236;;237;;238;;239;;240;;221;;222;;223;;224;;240;;241;
;242;;243;;244;;245;;246;;247;;248;;224;;225;;226;;227;;228;;229;;230;;231;;232;;233;;234;;235;;236;;237;;238;;239;;240;;241;
;242;;243;;244;;245;;246;;247;;248;;217;;218;;219;;220;;221;;222;;223;;224;;218;;219;;220;;224;;225;;226;;227;;228;;229;;230;
;231;;232;;218;;232;;233;;234;;235;;236;;217;;218;;236;;217;;218;;219;;220;;235;;236;;220;;221;;222;;223;;224;;225;;226;;227;
;228;;229;;230;;231;;232;;233;;234;;235;;225;;226;;227;;228;;229;;230;;239;;240;;241;;242;;226;;227;;228;;230;;231;;232;;233;
;234;;235;;236;;237;;238;;239;;242;;243;;244;;245;;246;;226;;227;;246;;247;;248;;226;;227;;228;;229;;230;;232;;233;;234;;235;
;236;;237;;238;;239;;240;;241;;242;;243;;244;;245;;246;;247;;248;;230;;231;;232;;235;;236;;255;;256;;254;;255;;256;;257;;258;
;259;;260;;261;;254;;255;;256;;257;;258;;259;;261;;262;;263;;264;;259;;260;;261;;262;;264;;265;;266;;267;;268;;269;;270;;262;
;263;;264;;265;;266;;267;;268;;270;;268;;269;;270;;133;;134;;133;;134;;135;;133;;134;;135;;136;;134;;136;;134;;135;;136;;134;
;135;;136;;137;;134;;135;;136;;137;;138;;139;;137;;138;;139;;140;;138;;139;;140;;141;;140;;141;;170;;171;;170;;171;;172;;171;
;172;;173;;174;;173;;174;;175;;176;;174;;175;;176;;177;;178;;177;;178;;179;;180;;180;;148;;149;;150;;151;;147;;148;;149;;150;
;151;;147;;148;;149;;150;;151;;152;;147;;148;;149;;150;;152;;153;;150;;151;;152;;153;;154;;152;;153;;154;;155;;170;;171;;172;
;171;;172;;173;;172;;173;;174;;175;;176;;173;;174;;176;;177;;174;;175;;176;;177;;178;;176;;177;;178;;162;;162;;163;;164;;163;
;164;;165;;166;;164;;165;;166;;167;;168;;166;;167;;168;;169;;167;;168;;169;;170;;205;;206;;207;;208;;209;;210;;211;;202;;203;
;204;;205;;208;;210;;211;;202;;203;;204;;207;;209;;210;;203;;204;;205;;206;;207;;208;;209;;208;;209;;210;;211;;208;;209;;211;
;212;;213;;214;;209;;210;;211;;212;;214;;215;;212;;213;;214;;215;;216;;215;;216;;151;;152;;151;;152;;153;;154;;155;;156;;151;
;152;;153;;154;;155;;156;;152;;153;;171;;172;;171;;172;;173;;174;;173;;174;;175;;174;;175;;233;;234;;235;;236;;237;;238;;233;
;234;;235;;236;;237;;183;;184;;185;;184;;185;;186;;187;;185;;186;;187;;157;;158;;159;;158;;159;;160;;159;;160;;161;;150;;151;
;152;;150;;151;;152;;150;;151;;152;;151;;152;;161;;161;;162;;163;;164;;161;;162;;163;;164;;165;;185;;186;;187;;188;;187;;188;
;189;;188;;163;;163;;164;;163;;164;;165;;164;;165;;210;;211;;209;;210;;211;;212;;213;;214;;215;;213;;214;;215;;146;;147;;148;
;147;;148;;149;;148;;149;;130;;131;;130;;131;;130;;131;;130;;131;;91;;92;;90;;91;;92;;93;;92;;93;;151;;151;;152;;153;;152;;153;
;204;;205;;206;;207;;204;;205;;140;;141;;140;;141;;142;;354;;355;;346;;347;;348;;349;;350;;351;;352;;353;;354;;355;;356;;357;
;346;;357;;358;;359;;346;;357;;358;;346;;355;;356;;357;;346;;347;;354;;355;;347;;348;;354;;355;;348;;349;;355;;349;;350;;355;
;356;;357;;350;;351;;357;;351;;352;;353;;357;;353;;354;;357;;354;;357;;354;;357;;354;;357;;358;;359;;354;;355;;359;;360;;362;
;363;;355;;356;;357;;358;;359;;360;;361;;362;;363;;364;;359;;360;;364;;365;;360;;361;;362;;363;;365;;363;;364;;365;;365;;366;
;365;;366;;367;;366;;367;;368;;366;;367;;368;;368;;274;;275;;274;;275;;276;;277;;276;;277;;336;;336;;337;;338;;336;;337;;369;
;370;;369;;370;;371;;332;;333;;332;;333;;341;;342;;341;;342;"
/*
 * 17.5. coordinates i of coast cells coordy
 */
;9;;9;;9;;10;;10;;10;;10;;10;;10;;10;;10;;10;;11;;11;;11;;11;;11;;11;;11;;11;;11;;11;;11;;11;;11;;11;;11;;11;;11;;11;;12;;12;;12;;12;;12;;12;;12;;12;;12;;12;;12;;13;;13;;13;;13;;13;;13;;13;;13;;13;;13;;13;;14;;14;;14;;14;
;14;;15;;15;;15;;15;;15;;15;;15;;15;;16;;16;;16;;16;;16;;16;;16;;16;;16;;17;;17;;17;;17;;17;;17;;17;;17;;18;;18;;18;;18;;18;;19;;19;;19;;19;;19;;19;;19;;19;;19;;19;;19;;19;;20;;20;;20;;20;;20;;20;;20;;20;;20;;20;
;20;;20;;20;;20;;21;;21;;21;;21;;21;;21;;21;;21;;21;;21;;21;;21;;21;;21;;21;;22;;22;;22;;22;;22;;22;;22;;22;;22;;22;;22;;22;;23;;23;;23;;23;;23;;23;;23;;23;;24;;24;;24;;24;;24;;24;;25;;25;;25;;25;;26;;26;;26;;26;;26;;26;
;26;;26;;26;;27;;27;;27;;27;;27;;27;;27;;27;;27;;27;;27;;27;;28;;28;;28;;28;;28;;28;;28;;28;;28;;28;;28;;28;;28;;29;;29;;29;;29;;29;;29;;29;;29;;29;;29;;29;;29;;30;;30;;30;;30;;30;;30;;30;;30;;30;;30;;31;;31;;31;;31;;31;;32;;32;;32;;32;;32;
;32;;32;;32;;32;;32;;32;;33;;33;;33;;33;;33;;33;;33;;33;;34;;34;;34;;34;;34;;35;;35;;35;;35;;35;;35;;35;;35;;35;;35;;35;;35;;36;;36;;36;;36;;36;;36;;36;;36;;36;;36;;36;;37;;37;;37;;37;;37;;37;;37;;37;;38;;38;;38;;38;;38;;38;;38;;38;;38;;38;;38;
;39;;39;;39;;39;;39;;39;;39;;39;;39;;39;;39;;39;;40;;40;;40;;40;;40;;40;;40;;40;;41;;41;;41;;41;;41;;41;;41;;41;;41;;41;;42;;42;;42;;42;;42;;42;;42;;42;;42;;42;;42;;42;;43;;43;;43;;43;;43;;43;;43;;43;;43;;43;;44;;44;;44;;44;;45;;45;;45;;45;;45;;45;
;45;;45;;45;;45;;46;;46;;46;;46;;46;;46;;46;;46;;46;;47;;47;;47;;47;;47;;47;;47;;47;;47;;47;;47;;47;;47;;47;;47;;48;;48;;48;;48;;48;;48;;48;;48;;48;;48;;48;;48;;48;;48;;48;;49;;49;;49;;49;;49;;49;;49;;49;;49;;49;;50;;50;;50;;50;;50;;51;;51;;52;;52;;53;;53;;54;;54;
;54;;55;;55;;55;;55;;56;;56;;56;;56;;57;;57;;57;;58;;58;;58;;58;;59;;59;;59;;59;;60;;60;;60;;61;;61;;61;;62;;62;;62;;62;;62;;63;;63;;63;;64;;64;;64;;64;;64;;65;;65;;65;;66;;66;;66;;67;;67;;67;;67;;67;;67;;68;;68;;68;;68;;68;;68;;68;;68;;69;;69;;69;;69;;69;;69;;69;;69;
;69;;70;;70;;70;;70;;70;;70;;70;;70;;70;;70;;70;;70;;70;;70;;70;;70;;70;;71;;71;;71;;71;;71;;71;;71;;71;;72;;72;;73;;73;;73;;74;;74;;74;;74;;74;;75;;75;;75;;75;;76;;76;;76;;76;;77;;77;;77;;77;;77;;77;;78;;78;;78;;78;;79;;79;;79;;79;;79;;80;;80;;80;;80;;80;;81;;81;;81;
;81;;81;;81;;82;;82;;82;;82;;82;;82;;82;;82;;83;;83;;83;;83;;84;;84;;84;;84;;84;;84;;84;;85;;85;;85;;85;;85;;86;;86;;86;;86;;86;;87;;87;;87;;87;;87;;88;;88;;88;;88;;88;;89;;89;;89;;89;;89;;89;;90;;90;;90;;90;;90;;90;;90;;90;;91;;91;;91;;91;;91;;91;;91;;92;;92;;92;;92;
;92;;92;;93;;93;;93;;93;;93;;93;;93;;94;;94;;94;;94;;95;;95;;95;;95;;95;;95;;95;;96;;96;;96;;96;;96;;96;;96;;96;;97;;97;;97;;97;;98;;98;;98;;98;;99;;99;;99;;99;;99;;99;;99;;99;;99;;99;;99;;99;;100;;100;;100;;100;;100;;100;;100;;100;;100;;100;;100;;100;;100;;100;;101;;101;
;101;;101;;101;;101;;101;;101;;101;;101;;101;;101;;101;;101;;101;;101;;101;;102;;102;;102;;102;;102;;102;;102;;102;;102;;102;;102;;103;;103;;103;;103;;103;;103;;103;;104;;104;;104;;104;;105;;105;;105;;105;;105;;105;;105;;105;;105;;105;;106;;106;;106;;107;;107;;107;;107;;107;
;108;;108;;108;;109;;109;;109;;109;;110;;110;;110;;111;;111;;111;;111;;112;;112;;112;;112;;113;;113;;113;;113;;114;;114;;114;;114;;114;;115;;115;;115;;115;;115;;116;;116;;116;;116;;116;;117;;117;;117;;118;;118;;118;;118;;118;;119;;119;;119;;119;;119;;119;;119;;119;;119;;119;;119;
;120;;120;;120;;120;;120;;120;;120;;120;;120;;120;;120;;120;;120;;120;;120;;120;;120;;120;;121;;121;;121;;121;;121;;121;;121;;121;;121;;121;;121;;121;;122;;122;;122;;122;;122;;122;;122;;122;;122;;122;;122;;122;;122;;122;;123;;123;;123;;123;;123;;123;;123;;123;;123;;123;;123;;123;
;124;;124;;124;;124;;124;;124;;124;;124;;124;;124;;124;;124;;124;;124;;124;;125;;125;;125;;125;;125;;125;;125;;125;;126;;126;;126;;126;;126;;126;;126;;126;;127;;127;;127;;127;;127;;127;;127;;127;;128;;128;;128;;128;;128;;128;;128;;128;;128;;128;;128;;128;;128;;128;;129;;129;;129;;129;
;129;;129;;129;;130;;130;;130;;130;;131;;131;;131;;131;;131;;132;;132;;132;;132;;133;;133;;133;;133;;133;;134;;134;;134;;134;;134;;135;;135;;135;;135;;136;;136;;136;;136;;136;;136;;136;;136;;137;;137;;137;;137;;138;;138;;138;;138;;139;;139;;139;;139;;139;;139;;140;;140;;140;;140;;140;;141;
;141;;141;;141;;141;;141;;141;;141;;141;;141;;142;;142;;142;;142;;142;;142;;142;;142;;142;;142;;143;;143;;143;;143;;143;;143;;143;;143;;143;;143;
;143;;143;;143;;143;;143;;143;;144;;144;;144;;144;;144;;144;;144;;144;;144;;144;;144;;144;;144;;145;;145;;145;;145;;145;;145;
;145;;145;;145;;145;;146;;146;;146;;146;;146;;146;;146;;146;;147;;147;;147;;147;;147;;147;;148;;148;;148;;148;;149;;149;;149;
;149;;150;;150;;150;;150;;150;;150;;150;;150;;150;;151;;151;;151;;151;;151;;152;;152;;152;;152;;153;;153;;153;;153;;153;;153;
;153;;153;;154;;154;;154;;155;;155;;155;;155;;155;;155;;156;;156;;156;;157;;157;;157;;157;;157;;158;;158;;158;;158;;158;;158;
;159;;159;;159;;159;;159;;160;;160;;160;;160;;160;;160;;160;;161;;161;;161;;161;;162;;162;;162;;162;;163;;163;;163;;163;;163;
;163;;163;;163;;163;;163;;163;;163;;163;;163;;164;;164;;164;;164;;164;;164;;164;;164;;164;;164;;164;;164;;164;;164;;164;;164;
;164;;164;;164;;164;;164;;164;;164;;164;;164;;164;;164;;164;;164;;164;;164;;164;;164;;164;;165;;165;;165;;165;;165;;165;;165;
;165;;165;;165;;165;;165;;165;;165;;165;;166;;166;;166;;166;;166;;166;;167;;167;;167;;167;;167;;167;;168;;168;;168;;168;;168;
;169;;169;;169;;169;;170;;170;;170;;170;;171;;171;;171;;172;;172;;172;;172;;173;;173;;173;;174;;174;;174;;174;;175;;175;;175;
;175;;175;;175;;176;;176;;176;;176;;177;;177;;177;;177;;177;;177;;177;;178;;178;;178;;178;;178;;178;;179;;179;;179;;179;;180;
;180;;180;;181;;181;;181;;181;;182;;182;;182;;182;;182;;183;;183;;183;;184;;184;;184;;184;;184;;185;;185;;185;;185;;185;;185;
;185;;186;;186;;186;;186;;187;;187;;187;;187;;187;;188;;188;;188;;188;;188;;189;;189;;189;;189;;189;;189;;189;;189;;190;;190;
;190;;190;;191;;191;;191;;191;;191;;192;;192;;192;;192;;192;;193;;193;;193;;193;;193;;194;;194;;194;;194;;194;;194;;194;;195;
;195;;195;;195;;195;;196;;196;;196;;196;;196;;197;;197;;197;;197;;197;;198;;198;;198;;198;;198;;198;;199;;199;;199;;199;;199;
;199;;200;;200;;200;;200;;200;;201;;201;;201;;201;;201;;201;;202;;202;;202;;202;;202;;202;;203;;203;;203;;203;;203;;203;;203;
;204;;204;;204;;204;;204;;204;;204;;205;;205;;205;;205;;205;;205;;205;;206;;206;;206;;206;;206;;207;;207;;207;;207;;208;;208;
;208;;208;;208;;208;;209;;209;;209;;209;;209;;210;;210;;210;;210;;210;;210;;210;;211;;211;;211;;211;;212;;212;;212;;212;;212;
;212;;213;;213;;213;;213;;214;;214;;214;;214;;214;;214;;214;;215;;215;;215;;215;;215;;216;;216;;216;;216;;216;;216;;217;;217;
;217;;217;;217;;217;;218;;218;;218;;218;;218;;219;;219;;219;;219;;219;;220;;220;;220;;220;;220;;220;;220;;220;;220;;221;;221;
;221;;221;;221;;221;;221;;221;;221;;221;;221;;221;;221;;221;;221;;222;;222;;222;;222;;222;;222;;222;;222;;222;;222;;222;;222;
;222;;222;;222;;223;;223;;223;;223;;223;;223;;223;;223;;223;;223;;223;;224;;224;;224;;224;;224;;224;;224;;224;;224;;224;;224;
;225;;225;;225;;225;;225;;225;;225;;225;;225;;225;;225;;225;;226;;226;;226;;226;;226;;226;;226;;226;;226;;226;;226;;227;;227;
;227;;227;;227;;227;;227;;227;;227;;227;;227;;227;;228;;228;;228;;228;;228;;228;;228;;228;;228;;228;;228;;228;;229;;229;;229;
;229;;229;;229;;229;;229;;229;;229;;229;;229;;229;;229;;229;;229;;229;;229;;229;;229;;230;;230;;230;;230;;230;;230;;230;;230;
;230;;230;;230;;230;;231;;231;;231;;231;;231;;231;;231;;232;;232;;232;;232;;232;;232;;232;;233;;233;;233;;233;;233;;233;;233;
;233;;233;;234;;234;;234;;234;;234;;234;;234;;234;;234;;235;;235;;235;;235;;235;;235;;235;;236;;236;;236;;236;;236;;236;;236;
;236;;236;;236;;237;;237;;237;;237;;237;;237;;237;;238;;238;;238;;238;;238;;238;;238;;239;;239;;239;;239;;239;;239;;239;;239;
;239;;240;;240;;240;;240;;240;;240;;240;;240;;240;;241;;241;;241;;241;;241;;242;;242;;242;;242;;242;;242;;242;;243;;243;;243;
;243;;243;;243;;244;;244;;244;;244;;244;;244;;244;;244;;244;;245;;245;;245;;245;;245;;245;;245;;246;;246;;246;;246;;246;;246;
;246;;247;;247;;247;;247;;247;;247;;247;;247;;247;;248;;248;;248;;248;;248;;248;;248;;248;;249;;249;;249;;249;;249;;249;;250;
;250;;250;;251;;251;;252;;252;;252;;253;;253;;253;;253;;253;;254;;254;;254;;254;;254;;255;;255;;255;;255;;255;;256;;256;;256;
;256;;256;;256;;256;;256;;256;;256;;256;;257;;257;;257;;257;;257;;258;;258;;258;;258;;259;;259;;259;;259;;260;;260;;260;;260;
;260;;260;;260;;260;;261;;261;;261;;261;;261;;261;;262;;262;;262;;262;;262;;262;;263;;263;;263;;264;;264;;264;;264;;265;;265;
;265;;265;;265;;265;;266;;266;;266;;267;;267;;267;;268;;268;;268;;268;;268;;269;;269;;269;;269;;269;;269;;269;;270;;270;;271;
;271;;271;;271;;272;;272;;272;;272;;273;;273;;273;;273;;274;;274;;274;;274;;275;;275;;275;;275;;276;;276;;276;;276;;276;;277;
;277;;277;;277;;277;;278;;278;;278;;278;;278;;279;;279;;279;;279;;279;;280;;280;;280;;280;;280;;281;;281;;281;;281;;281;;281;
;53;;53;;54;;54;;54;;55;;55;;55;;56;;56;;56;;56;;56;;56;;56;;57;;57;;57;;57;;57;;57;;58;;58;;58;;59;;59;;59;;59;;59;;60;;60;
;60;;60;;60;;60;;61;;60;;60;;61;;60;;61;;61;;61;;61;;61;;61;;62;;62;;62;;62;;62;;62;;62;;62;;63;;63;;63;;63;;63;;63;;64;;64;
;64;;64;;65;;65;;65;;65;;65;;65;;65;;66;;66;;66;;66;;66;;66;;67;;67;;67;;67;;67;;67;;68;;68;;68;;68;;68;;68;;69;;69;;34;;34;
;34;;35;;35;;35;;35;;36;;36;;37;;37;;37;;38;;38;;38;;38;;39;;39;;39;;39;;40;;40;;41;;41;;41;;41;;41;;41;;42;;42;;42;;43;;43;
;43;;43;;43;;43;;44;;44;;44;;44;;44;;44;;45;;45;;45;;46;;46;;47;;47;;48;;48;;48;;48;;49;;49;;49;;49;;49;;50;;50;;50;;51;;51;
;51;;51;;52;;52;;52;;53;;53;;53;;53;;54;;54;;54;;55;;55;;55;;55;;56;;56;;56;;56;;74;;74;;74;;74;;75;;75;;75;;75;;75;;76;;76;
;76;;76;;76;;77;;77;;77;;77;;77;;78;;78;;78;;78;;79;;79;;79;;80;;80;;80;;81;;81;;81;;81;;82;;82;;82;;82;;82;;83;;83;;83;;83;
;84;;84;;84;;84;;84;;84;;85;;85;;85;;85;;85;;86;;86;;86;;31;;31;;31;;32;;32;;32;;33;;33;;33;;34;;34;;34;;34;;34;;35;;35;;35;
;35;;35;;36;;36;;36;;36;;37;;37;;37;;37;;38;;38;;38;;38;;38;;38;;39;;39;;39;;39;;39;;39;;39;;40;;40;;40;;40;;40;;40;;40;;40;
;41;;41;;41;;41;;41;;42;;42;;42;;42;;42;;42;;42;;42;;43;;43;;43;;111;;111;;112;;112;;112;;112;;112;;112;;112;;112;;112;;112;
;112;;112;;112;;113;;113;;113;;113;;113;;113;;113;;113;;114;;114;;114;;114;;114;;114;;114;;114;;114;;114;;114;;114;;114;;114;
;114;;114;;114;;114;;114;;115;;115;;115;;115;;115;;115;;115;;115;;115;;115;;115;;115;;115;;116;;116;;116;;116;;116;;116;;116;
;116;;116;;116;;116;;116;;116;;116;;116;;116;;116;;116;;116;;116;;116;;116;;116;;116;;116;;105;;105;;105;;105;;105;;105;;105;
;105;;106;;106;;106;;106;;106;;106;;106;;106;;106;;106;;106;;106;;107;;107;;107;;107;;107;;107;;108;;108;;108;;109;;109;;109;
;109;;109;;109;;110;;110;;110;;110;;110;;110;;110;;110;;110;;110;;110;;110;;110;;110;;110;;110;;121;;121;;121;;121;;121;;121;
;121;;121;;121;;121;;122;;122;;122;;122;;122;;122;;122;;122;;122;;122;;122;;122;;122;;122;;122;;122;;122;;122;;123;;123;;123;
;123;;123;;124;;124;;124;;124;;124;;124;;124;;124;;124;;124;;124;;124;;124;;124;;124;;124;;124;;124;;124;;124;;124;;124;;125;
;125;;125;;125;;125;;128;;128;;129;;129;;129;;129;;129;;129;;129;;129;;130;;130;;130;;130;;130;;130;;130;;130;;130;;130;;131;
;131;;131;;131;;131;;131;;131;;131;;131;;131;;131;;132;;132;;132;;132;;132;;132;;132;;132;;133;;133;;133;;52;;52;;53;;53;;53;
;54;;54;;54;;54;;55;;55;;56;;56;;56;;57;;57;;57;;57;;58;;58;;58;;58;;58;;58;;59;;59;;59;;59;;60;;60;;60;;60;;61;;61;;86;;86;
;87;;87;;87;;88;;88;;88;;88;;89;;89;;89;;89;;90;;90;;90;;90;;90;;91;;91;;91;;91;;92;;47;;47;;47;;47;;48;;48;;48;;48;;48;;49;
;49;;49;;49;;49;;49;;50;;50;;50;;50;;50;;50;;51;;51;;51;;51;;51;;52;;52;;52;;52;;80;;80;;80;;81;;81;;81;;82;;82;;82;;82;;82;
;83;;83;;83;;83;;84;;84;;84;;84;;84;;85;;85;;85;;74;;75;;75;;75;;76;;76;;76;;76;;77;;77;;77;;77;;77;;78;;78;;78;;78;;79;;79;
;79;;79;;117;;117;;117;;117;;117;;117;;117;;118;;118;;118;;118;;118;;118;;118;;119;;119;;119;;119;;119;;119;;120;;120;;120;
;120;;120;;120;;120;;104;;104;;104;;104;;105;;105;;105;;105;;105;;105;;106;;106;;106;;106;;106;;106;;107;;107;;107;;107;;107;
;108;;108;;70;;70;;71;;71;;71;;71;;71;;71;;72;;72;;72;;72;;72;;72;;73;;73;;85;;85;;86;;86;;86;;86;;87;;87;;87;;88;;88;;130;
;130;;130;;130;;130;;130;;131;;131;;131;;131;;131;;88;;88;;88;;89;;89;;89;;89;;90;;90;;90;;73;;73;;73;;74;;74;;74;;75;;75;
;75;;64;;64;;64;;65;;65;;65;;66;;66;;66;;67;;67;;67;;68;;68;;68;;68;;69;;69;;69;;69;;69;;94;;94;;94;;94;;95;;95;;95;;96;;77;
;78;;78;;79;;79;;79;;80;;80;;100;;100;;101;;101;;101;;101;;101;;101;;101;;102;;102;;102;;64;;64;;64;;65;;65;;65;;66;;66;;53;
;53;;54;;54;;55;;55;;56;;56;;11;;11;;12;;12;;12;;12;;13;;13;;43;;44;;44;;44;;45;;45;;103;;103;;103;;103;;104;;104;;41;;41;;42;
;42;;42;;247;;247;;248;;248;;248;;248;;248;;248;;248;;248;;248;;248;;248;;248;;249;;249;;249;;249;;250;;250;;250;;251;;251;
;251;;251;;252;;252;;252;;252;;253;;253;;253;;253;;254;;254;;254;;255;;255;;255;;255;;255;;256;;256;;256;;257;;257;;257;;257;
;258;;258;;258;;259;;259;;260;;260;;261;;261;;261;;261;;262;;262;;262;;262;;262;;262;;263;;263;;263;;263;;263;;263;;263;;263;
;263;;263;;264;;264;;264;;264;;265;;265;;265;;265;;265;;266;;266;;266;;270;;270;;271;;271;;271;;272;;272;;272;;273;;273;;273;
;274;;130;;130;;131;;131;;131;;131;;132;;132;;245;;246;;246;;246;;247;;247;;274;;274;;275;;275;;275;;220;;220;;221;;221;;249;
;249;;250;;250;


//
// EOF - COAST
