////////////////////
//
// REPRODUCTION FILE
//
////////////////////
//
//File of reproduction parameters and seasonality
//
/*
 * 14.1. Number of time-steps per year
 * Assertion: ${14.1} == ${3.6}
 */
;24;
/*
 * 14.2. Reproduction seasonality for each species
 * Expressed in percent

euphausiids;;european pilchard;;round sardinella;;european anchovy;; horse mackerel;; mackerel;;chub mackrel;;atlantic bonito;;hake;;european sprat;;blue whiting;
 */
// euphausiids
;4.17;;4.17;;4.17;;4.17;;4.17;;4.17;;4.17;;4.17;;4.17;;4.17;;4.17;;4.17;;4.17;;4.17;;4.17;;4.17;;4.17;;4.17;;4.17;;4.17;;4.17;;4.17;;4.17;;4.17;

// european pilchard
;4.17;;4.17;;4.17;;4.17;;4.17;;4.17;;4.17;;4.17;;4.17;;4.17;;4.17;;4.17;;4.17;;4.17;;4.17;;4.17;;4.17;;4.17;;4.17;;4.17;;4.17;;4.17;;4.17;;4.17;
// round sardinella
;4.17;;4.17;;4.17;;4.17;;4.17;;4.17;;4.17;;4.17;;4.17;;4.17;;4.17;;4.17;;4.17;;4.17;;4.17;;4.17;;4.17;;4.17;;4.17;;4.17;;4.17;;4.17;;4.17;;4.17;
// european anchovy
;4.17;;4.17;;4.17;;4.17;;4.17;;4.17;;4.17;;4.17;;4.17;;4.17;;4.17;;4.17;;4.17;;4.17;;4.17;;4.17;;4.17;;4.17;;4.17;;4.17;;4.17;;4.17;;4.17;;4.17;

// horse mackerel
;4.17;;4.17;;4.17;;4.17;;4.17;;4.17;;4.17;;4.17;;4.17;;4.17;;4.17;;4.17;;4.17;;4.17;;4.17;;4.17;;4.17;;4.17;;4.17;;4.17;;4.17;;4.17;;4.17;;4.17;

// mackerel
;4.17;;4.17;;4.17;;4.17;;4.17;;4.17;;4.17;;4.17;;4.17;;4.17;;4.17;;4.17;;4.17;;4.17;;4.17;;4.17;;4.17;;4.17;;4.17;;4.17;;4.17;;4.17;;4.17;;4.17;

// chub mackrel
;4.17;;4.17;;4.17;;4.17;;4.17;;4.17;;4.17;;4.17;;4.17;;4.17;;4.17;;4.17;;4.17;;4.17;;4.17;;4.17;;4.17;;4.17;;4.17;;4.17;;4.17;;4.17;;4.17;;4.17;
// atlantic bonito
;4.17;;4.17;;4.17;;4.17;;4.17;;4.17;;4.17;;4.17;;4.17;;4.17;;4.17;;4.17;;4.17;;4.17;;4.17;;4.17;;4.17;;4.17;;4.17;;4.17;;4.17;;4.17;;4.17;;4.17;

// hake
;4.17;;4.17;;4.17;;4.17;;4.17;;4.17;;4.17;;4.17;;4.17;;4.17;;4.17;;4.17;;4.17;;4.17;;4.17;;4.17;;4.17;;4.17;;4.17;;4.17;;4.17;;4.17;;4.17;;4.17;

// european sprat
;4.17;;4.17;;4.17;;4.17;;4.17;;4.17;;4.17;;4.17;;4.17;;4.17;;4.17;;4.17;;4.17;;4.17;;4.17;;4.17;;4.17;;4.17;;4.17;;4.17;;4.17;;4.17;;4.17;;4.17;

// blue whiting
;;4.17;;4.17;;4.17;;4.17;;4.17;;4.17;;4.17;;4.17;;4.17;;4.17;;4.17;;4.17;;4.17;;4.17;;4.17;;4.17;;4.17;;4.17;;4.17;;4.17;;4.17;;4.17;;4.17;;4.17;
//
// EOF - REPRODUCTION
