/////////////
//
// COAST FILE
//
/////////////
//
// Coast line South AFrica
// For coupling with ROMS grid (Penven 2001)
// (28.2°-37.5°S, 16-24.4°E) with step of 0.15°
//
/* 
 * 17.1. Number of lines
 * Assertion: ${17.1} == ${3.1}
 */
;33;
/*
 * 17.2. Number of columns
 * Assertion: ${17.2} == ${3.2}
 */
;53;
/*
 * 17.3. Number of cells occupied by coast
 */
;281;
/*
 * 17.4. coordinates i of coast cells
 */
//coordinates i of coast cells
;0;;0;;0;;0;;0;;0;;0;;0;;0;;0;;0;;0;;0;;0;;0;;0;;0;;0;;0;;0;
;1;;1;;1;;1;;1;;1;;1;;1;;1;;1;;1;;1;;1;;1;;1;;1;
;2;;2;;2;;2;;2;;2;;2;;2;;2;;2;;2;;2;
;3;;3;;3;;3;;3;;3;;3;;3;;3;;3;
;4;;4;;4;;4;;4;;4;;4;;4;;4;
;5;;5;;5;;5;;5;;5;;5;
;6;;6;;6;;6;;6;;6;;6;
;7;;7;;7;;7;;7;;7;;7;
;8;;8;;8;;8;;8;;8;
;9;;9;;9;;9;;9;
;10;;10;;10;
;11;
;12;
;13;
;14;
;16;
;17;
;18;
;19;
;20;
;21;
;22;
;23;
;24;
;25;;25;
;26;;26;
;27;;27;
;28;;28;;28;;28;;28;;28;
;29;;29;;29;;29;;29;;29;;29;;29;;29;;29;;29;;29;
;30;;30;;30;;30;;30;;30;;30;;30;;30;;30;;30;;30;;30;;30;;30;;30;;30;;30;;30;;30;;30;;30;;30;;30;;30;;30;;30;;30;;30;;30;;30;;30;;30;;30;;30;;30;
;31;;31;;31;;31;;31;;31;;31;;31;;31;;31;;31;;31;;31;;31;;31;;31;;31;;31;;31;;31;;31;;31;;31;;31;;31;;31;;31;;31;;31;;31;;31;;31;;31;;31;;31;;31;;31;;31;;31;;31;;31;;31;;31;;31;;31;;31;;31;;31;;31;;31;;31;;31;;31;
;32;;32;;32;;32;;32;;32;;32;;32;;32;;32;;32;;32;;32;;32;;32;;32;;32;;32;;32;;32;;32;;32;;32;;32;;32;;32;;32;;32;;32;;32;;32;;32;;32;;32;;32;;32;;32;;32;;32;;32;;32;;32;;32;;32;;32;;32;;32;;32;;32;;32;;32;;32;;32;


//Coordinates j of coast cells
;31;;34;;35;;36;;37;;38;;39;;40;;41;;42;;43;;44;;45;;46;;47;;48;;49;;50;;51;;52;
;37;;38;;39;;40;;41;;42;;43;;44;;45;;46;;47;;48;;49;;50;;51;;52;
;41;;42;;43;;44;;45;;46;;47;;48;;49;;50;;51;;52;
;43;;44;;45;;46;;47;;48;;49;;50;;51;;52;
;44;;45;;46;;47;;48;;49;;50;;51;;52;
;46;;47;;48;;49;;50;;51;;52;
;46;;47;;48;;49;;50;;51;;52;
;46;;47;;48;;49;;50;;51;;52;
;47;;48;;49;;50;;51;;52;
;48;;49;;50;;51;;52;
;50;;51;;52;
;52;
;52;
;51;
;52;
;52;
;52;
;52;
;52;
;52;
;52;
;52;
;52;
;52;
;51;;52;
;51;;52;
;51;;52;
;6;;7;;8;;9;;51;;52;
;5;;6;;7;;8;;9;;10;;11;;20;;21;;50;;51;;52;
;5;;6;;7;;8;;9;;10;;11;;12;;13;;14;;15;;16;;17;;18;;19;;20;;21;;22;;23;;24;;25;;26;;27;;28;;32;;33;;34;;35;;36;;37;;40;;41;;49;;50;;51;;52;
;0;;1;;2;;3;;4;;5;;6;;7;;8;;9;;10;;11;;12;;13;;14;;15;;16;;17;;18;;19;;20;;21;;22;;23;;24;;25;;26;;27;;28;;29;;30;;31;;32;;33;;34;;35;;36;;37;;38;;39;;40;;41;;42;;43;;44;;45;;46;;47;;48;;49;;50;;51;;52;
;0;;1;;2;;3;;4;;5;;6;;7;;8;;9;;10;;11;;12;;13;;14;;15;;16;;17;;18;;19;;20;;21;;22;;23;;24;;25;;26;;27;;28;;29;;30;;31;;32;;33;;34;;35;;36;;37;;38;;39;;40;;41;;42;;43;;44;;45;;46;;47;;48;;49;;50;;51;;52;
//
// EOF - COAST
