////////////////////
//
// REPRODUCTION FILE
//
////////////////////
//
//File of reproduction parameters and seasonality
//
/*
 * 14.1. Number of time-steps per year
 * Assertion: ${14.1} == ${3.6}
 */
;24;
/*
 * 14.2. Reproduction seasonality for each species
 * Expressed in percent
 */
// anchovy
;0;;0;;0;;0;;0;;0;;2;;5;;15;;25;;25;;15;;7;;4;;2;;0;;0;;0;;0;;0;;0;;0;;0;;0; 

// sardine 	
;2;;2;;5;;5;;9;;9;;9;;9;;9;;9;;5;;5;;1;;1;;1;;1;;2;;2;;3;;3;;3;;3;;1;;1;

// shake
;5;;5;;10;;10;;10;;15;;15;;15;;10;;5;;0;;0;;0;;0;;0;;0;;0;;0;;0;;0;;0;;0;;0;;0;

// nhake 	
;5;;5;;10;;10;;10;;15;;15;;15;;10;;5;;0;;0;;0;;0;;0;;0;;0;;0;;0;;0;;0;;0;;0;;0;

// horse mackerel
;0;;0;;0;;0;;0;;0;;0;;0;;0;;5;;15;;15;;15;;15;;15;;15;;5;;0;;0;;0;;0;;0;;0;;0;

// Atlantic mackerel 
;0;;0;;0;;0;;0;;0;;5;;5;;15;;20;;20;;15;;10;;5;;5;;0;;0;;0;;0;;0;;0;;0;;0;;0;;0.78;;0.6;;0.5;;0.61;;0.82;;1.34;;1.65;;2.27;;2.59;;4.4;;5.9;;8.68;;9.95;;10.63;;10.04;;8.95;;8.46;;6.93;;5.9;;3.64;;2.41;;1.1;;1.01;;0.85;

// Atl_bft	
//They don't reproduce
;0;;0;;0;;0;;0;;0;;0;;0;;0;;10;;40;;40;;10;;0;;0;;0;;0;;0;;0;;0;;0;;0;;0;;0; //But they don't reproduce

// Atl_alb 	
;0;;0;;0;;0;;0;;0;;8.33;;8.33;;8.33;;8.33;;8.33;;8.33;;8.33;;8.33;;8.33;;8.33;;8.33;;8.33;;0;;0;;0;;0;;0;;0;	//But they don't reproduce

// Blue_wh 	
;0;;0;;0;;0;;0;;0;;12.5;;12.5;;12.5;;12.5;;12.5;;12.5;;12.5;;12.5;;0;;0;;0;;0;;0;;0;;0;;0;;0;;0; //represents new incoming larvae flux

///
// EOF - REPRODUCTION
